44
47
169
1 2 1
1 11 1
2 3 1
2 1 1
2 12 1
3 4 1
3 2 1
3 13 1
4 5 1
4 3 1
4 14 1
5 6 1
5 4 1
5 15 1
6 7 1
6 5 1
6 16 1
7 8 1
7 6 1
7 17 1
8 9 1
8 7 1
8 18 100
9 10 1
9 8 100
9 19 1
10 9 1
10 20 1
11 12 1
11 21 1
11 1 1
12 13 1
12 11 1
12 22 1
12 2 1
13 14 1
13 12 1
13 23 1
13 3 1
14 15 1
14 13 1
14 24 1
14 4 1
15 16 1
15 14 1
15 25 1
15 5 1
16 17 1
16 15 1
16 26 1
16 6 1
17 18 1
17 16 1
17 27 100
17 7 1
18 19 100
18 17 100
18 28 100
18 8 100
19 20 1
19 18 100
19 29 1
19 9 1
20 19 1
20 30 1
20 10 1
21 22 1
21 31 1
21 11 1
22 23 1
22 21 1
22 32 1
22 12 1
23 24 1
23 22 1
23 33 1
23 13 1
24 25 1
24 23 1
24 34 1
24 14 1
25 26 1
25 24 1
25 35 1
25 15 1
26 27 1
26 25 1
26 36 100
26 16 1
27 28 100
27 26 100
27 37 100
27 17 100
28 29 1
28 27 100
28 38 1
28 18 100
29 30 1
29 28 1
29 39 1
29 19 1
30 29 1
30 40 1
30 20 1
31 32 1
31 41 1
31 21 1
32 33 1
32 31 1
32 42 1
32 22 1
33 34 1
33 32 1
33 43 1
33 23 1
34 35 1
34 33 1
34 44 1
34 24 1
35 36 1
35 34 1
35 45 1
35 25 1
36 37 100
36 35 100
36 46 100
36 26 100
37 38 1
37 36 100
37 47 1
37 27 1
38 39 1
38 37 1
38 48 1
38 28 1
39 40 1
39 38 1
39 49 1
39 29 1
40 39 1
40 30 1
41 42 1
41 31 1
42 43 1
42 41 1
42 32 1
43 44 1
43 42 1
43 33 1
44 45 1
44 43 1
44 34 1
45 46 100
45 44 100
45 35 100
46 47 1
46 45 100
46 36 100
47 48 1
47 46 1
47 37 1
48 49 1
48 47 1
48 38 1
49 50 1
49 48 1
49 39 1
50 49 1
50 40 1
